id,domain,task_count,raw_command,token_count,token_accuracy,all_tokens_correct,gold_labels,gold_segments,predicted_task_count,predicted_labels,predicted_segments
CK-3453,ofis_metin_düzenleme,1,belgeyi yazdır lütfen,3,1.0,True,YAZDIR,YAZDIR:belgeyi yazdır,1,YAZDIR,YAZDIR:belgeyi yazdır
CK-3454,ofis_metin_düzenleme,1,puntoyu küçült biraz,3,0.6666666666666666,False,KÜÇÜLT,KÜÇÜLT:puntoyu küçült,1,KÜÇÜLT,KÜÇÜLT:puntoyu küçült biraz
CK-3455,ofis_metin_düzenleme,1,satır aralığını artır,3,1.0,True,ARTIR,ARTIR:satır aralığını artır,1,ARTIR,ARTIR:satır aralığını artır
CK-3456,ofis_metin_düzenleme,1,seçili metni kes,3,1.0,True,KES,KES:seçili metni kes,1,KES,KES:seçili metni kes
CK-3457,ofis_metin_düzenleme,1,paragraf arasına boşluk bırak,4,0.5,False,BOŞLUK,BOŞLUK:boşluk bırak,1,BOŞLUK,BOŞLUK:paragraf arasına boşluk bırak
CK-3458,ofis_metin_düzenleme,1,yazdırma yapma belgeyi kapat,4,1.0,True,KAPAT,KAPAT:belgeyi kapat,1,KAPAT,KAPAT:belgeyi kapat
CK-3459,ofis_metin_düzenleme,2,seçili kısmı kes belgeyi kaydet,5,1.0,True,KES ; KAYDET,KES:seçili kısmı kes ; KAYDET:belgeyi kaydet,2,KES ; KAYDET,KES:seçili kısmı kes ; KAYDET:belgeyi kaydet
CK-3460,ofis_metin_düzenleme,2,sayfa numarasını artır belgeyi yazdır,5,1.0,True,ARTIR ; YAZDIR,ARTIR:sayfa numarasını artır ; YAZDIR:belgeyi yazdır,2,ARTIR ; YAZDIR,ARTIR:sayfa numarasını artır ; YAZDIR:belgeyi yazdır
CK-3461,ofis_metin_düzenleme,2,dipnot panelini kapat paragrafı küçült,5,1.0,True,KAPAT ; KÜÇÜLT,KAPAT:dipnot panelini kapat ; KÜÇÜLT:paragrafı küçült,2,KAPAT ; KÜÇÜLT,KAPAT:dipnot panelini kapat ; KÜÇÜLT:paragrafı küçült
CK-3462,ofis_metin_düzenleme,2,boşluk bırak sonra yazdır,4,1.0,True,BOŞLUK ; YAZDIR,BOŞLUK:boşluk bırak ; YAZDIR:yazdır,2,BOŞLUK ; YAZDIR,BOŞLUK:boşluk bırak ; YAZDIR:yazdır
CK-3463,ofis_metin_düzenleme,2,başlığı küçült satır aralığını artır,5,1.0,True,KÜÇÜLT ; ARTIR,KÜÇÜLT:başlığı küçült ; ARTIR:satır aralığını artır,2,KÜÇÜLT ; ARTIR,KÜÇÜLT:başlığı küçült ; ARTIR:satır aralığını artır
CK-3464,ofis_metin_düzenleme,2,belgeyi yenile çıktı penceresini kapat,5,1.0,True,YİNELE ; KAPAT,YİNELE:belgeyi yenile ; KAPAT:çıktı penceresini kapat,2,YİNELE ; KAPAT,YİNELE:belgeyi yenile ; KAPAT:çıktı penceresini kapat
CK-3465,ofis_metin_düzenleme,3,metni kes boşluk bırak belgeyi yazdır,6,1.0,True,KES ; BOŞLUK ; YAZDIR,KES:metni kes ; BOŞLUK:boşluk bırak ; YAZDIR:belgeyi yazdır,3,KES ; BOŞLUK ; YAZDIR,KES:metni kes ; BOŞLUK:boşluk bırak ; YAZDIR:belgeyi yazdır
CK-3466,ofis_metin_düzenleme,3,puntoyu artır başlığı küçült belgeyi gönder,6,1.0,True,ARTIR ; KÜÇÜLT ; GÖNDER,ARTIR:puntoyu artır ; KÜÇÜLT:başlığı küçült ; GÖNDER:belgeyi gönder,3,ARTIR ; KÜÇÜLT ; GÖNDER,ARTIR:puntoyu artır ; KÜÇÜLT:başlığı küçült ; GÖNDER:belgeyi gönder
CK-3467,ofis_metin_düzenleme,3,paragrafı kes sona taşı yazdır,5,1.0,True,KES ; TAŞI ; YAZDIR,KES:paragrafı kes ; TAŞI:sona taşı ; YAZDIR:yazdır,3,KES ; TAŞI ; YAZDIR,KES:paragrafı kes ; TAŞI:sona taşı ; YAZDIR:yazdır
CK-3468,ofis_metin_düzenleme,3,önizlemeyi kapat belgeyi yenile yazdır,5,1.0,True,KAPAT ; YİNELE ; YAZDIR,KAPAT:önizlemeyi kapat ; YİNELE:belgeyi yenile ; YAZDIR:yazdır,3,KAPAT ; YİNELE ; YAZDIR,KAPAT:önizlemeyi kapat ; YİNELE:belgeyi yenile ; YAZDIR:yazdır
CK-3469,ofis_metin_düzenleme,3,satır aralığını artır boşluk bırak kaydet,6,1.0,True,ARTIR ; BOŞLUK ; KAYDET,ARTIR:satır aralığını artır ; BOŞLUK:boşluk bırak ; KAYDET:kaydet,3,ARTIR ; BOŞLUK ; KAYDET,ARTIR:satır aralığını artır ; BOŞLUK:boşluk bırak ; KAYDET:kaydet
CK-3470,ofis_metin_düzenleme,3,tabloyu küçült açıklamayı kes belgeyi gönder,6,1.0,True,KÜÇÜLT ; KES ; GÖNDER,KÜÇÜLT:tabloyu küçült ; KES:açıklamayı kes ; GÖNDER:belgeyi gönder,3,KÜÇÜLT ; KES ; GÖNDER,KÜÇÜLT:tabloyu küçült ; KES:açıklamayı kes ; GÖNDER:belgeyi gönder
CK-3471,ofis_metin_düzenleme,4,metni kes boşluk bırak başlığı küçült belgeyi yazdır,8,1.0,True,KES ; BOŞLUK ; KÜÇÜLT ; YAZDIR,KES:metni kes ; BOŞLUK:boşluk bırak ; KÜÇÜLT:başlığı küçült ; YAZDIR:belgeyi yazdır,4,KES ; BOŞLUK ; KÜÇÜLT ; YAZDIR,KES:metni kes ; BOŞLUK:boşluk bırak ; KÜÇÜLT:başlığı küçült ; YAZDIR:belgeyi yazdır
CK-3472,ofis_metin_düzenleme,4,puntoyu artır tabloyu küçült önizlemeyi kapat belgeyi gönder,8,1.0,True,ARTIR ; KÜÇÜLT ; KAPAT ; GÖNDER,ARTIR:puntoyu artır ; KÜÇÜLT:tabloyu küçült ; KAPAT:önizlemeyi kapat ; GÖNDER:belgeyi gönder,4,ARTIR ; KÜÇÜLT ; KAPAT ; GÖNDER,ARTIR:puntoyu artır ; KÜÇÜLT:tabloyu küçült ; KAPAT:önizlemeyi kapat ; GÖNDER:belgeyi gönder
CK-3473,ofis_metin_düzenleme,4,paragrafı kes son bölüme taşı boşluk bırak yazdır,8,1.0,True,KES ; TAŞI ; BOŞLUK ; YAZDIR,KES:paragrafı kes ; TAŞI:son bölüme taşı ; BOŞLUK:boşluk bırak ; YAZDIR:yazdır,4,KES ; TAŞI ; BOŞLUK ; YAZDIR,KES:paragrafı kes ; TAŞI:son bölüme taşı ; BOŞLUK:boşluk bırak ; YAZDIR:yazdır
CK-3474,ofis_metin_düzenleme,4,belgeyi yenile notları kapat satır aralığını artır çıktıyı yazdır,9,1.0,True,YİNELE ; KAPAT ; ARTIR ; YAZDIR,YİNELE:belgeyi yenile ; KAPAT:notları kapat ; ARTIR:satır aralığını artır ; YAZDIR:çıktıyı yazdır,4,YİNELE ; KAPAT ; ARTIR ; YAZDIR,YİNELE:belgeyi yenile ; KAPAT:notları kapat ; ARTIR:satır aralığını artır ; YAZDIR:çıktıyı yazdır
CK-3475,ofis_metin_düzenleme,4,yazdırma penceresini kapat metni kes boşluk bırak belgeyi kaydet,9,1.0,True,KAPAT ; KES ; BOŞLUK ; KAYDET,KAPAT:yazdırma penceresini kapat ; KES:metni kes ; BOŞLUK:boşluk bırak ; KAYDET:belgeyi kaydet,4,KAPAT ; KES ; BOŞLUK ; KAYDET,KAPAT:yazdırma penceresini kapat ; KES:metni kes ; BOŞLUK:boşluk bırak ; KAYDET:belgeyi kaydet
CK-3476,ofis_metin_düzenleme,5,başlığı küçült paragrafı kes boşluk bırak belgeyi yazdır gönder,9,1.0,True,KÜÇÜLT ; KES ; BOŞLUK ; YAZDIR ; GÖNDER,KÜÇÜLT:başlığı küçült ; KES:paragrafı kes ; BOŞLUK:boşluk bırak ; YAZDIR:belgeyi yazdır ; GÖNDER:gönder,5,KÜÇÜLT ; KES ; BOŞLUK ; YAZDIR ; GÖNDER,KÜÇÜLT:başlığı küçült ; KES:paragrafı kes ; BOŞLUK:boşluk bırak ; YAZDIR:belgeyi yazdır ; GÖNDER:gönder
CK-3477,ofis_metin_düzenleme,5,puntoyu artır tabloyu küçült dipnotu kapat belgeyi yenile yazdır,9,1.0,True,ARTIR ; KÜÇÜLT ; KAPAT ; YİNELE ; YAZDIR,ARTIR:puntoyu artır ; KÜÇÜLT:tabloyu küçült ; KAPAT:dipnotu kapat ; YİNELE:belgeyi yenile ; YAZDIR:yazdır,5,ARTIR ; KÜÇÜLT ; KAPAT ; YİNELE ; YAZDIR,ARTIR:puntoyu artır ; KÜÇÜLT:tabloyu küçült ; KAPAT:dipnotu kapat ; YİNELE:belgeyi yenile ; YAZDIR:yazdır
CK-3478,dosya_yazılım_geliştirme,1,paketi indir hemen,3,1.0,True,İNDİR,İNDİR:paketi indir,1,İNDİR,İNDİR:paketi indir
CK-3479,dosya_yazılım_geliştirme,1,branchi remotea yükle,3,1.0,True,YÜKLE,YÜKLE:branchi remotea yükle,1,YÜKLE,YÜKLE:branchi remotea yükle
CK-3480,dosya_yazılım_geliştirme,1,terminali kapat,2,1.0,True,KAPAT,KAPAT:terminali kapat,1,KAPAT,KAPAT:terminali kapat
CK-3481,dosya_yazılım_geliştirme,1,komutu yinele,2,1.0,True,YİNELE,YİNELE:komutu yinele,1,YİNELE,YİNELE:komutu yinele
CK-3482,dosya_yazılım_geliştirme,1,logu yazdır,2,1.0,True,YAZDIR,YAZDIR:logu yazdır,1,YAZDIR,YAZDIR:logu yazdır
CK-3483,dosya_yazılım_geliştirme,1,satırı kes,2,1.0,True,KES,KES:satırı kes,1,KES,KES:satırı kes
CK-3484,dosya_yazılım_geliştirme,2,paketi indir projeye yükle,4,1.0,True,İNDİR ; YÜKLE,İNDİR:paketi indir ; YÜKLE:projeye yükle,2,İNDİR ; YÜKLE,İNDİR:paketi indir ; YÜKLE:projeye yükle
CK-3485,dosya_yazılım_geliştirme,2,terminali kapat sunucuyu yenile,4,1.0,True,KAPAT ; YİNELE,KAPAT:terminali kapat ; YİNELE:sunucuyu yenile,2,KAPAT ; YİNELE,KAPAT:terminali kapat ; YİNELE:sunucuyu yenile
CK-3486,dosya_yazılım_geliştirme,2,logu yazdır çıktıyı gönder,4,1.0,True,YAZDIR ; GÖNDER,YAZDIR:logu yazdır ; GÖNDER:çıktıyı gönder,2,YAZDIR ; GÖNDER,YAZDIR:logu yazdır ; GÖNDER:çıktıyı gönder
CK-3487,dosya_yazılım_geliştirme,2,hata satırını kes dosyayı kaydet,5,1.0,True,KES ; KAYDET,KES:hata satırını kes ; KAYDET:dosyayı kaydet,2,KES ; KAYDET,KES:hata satırını kes ; KAYDET:dosyayı kaydet
CK-3488,dosya_yazılım_geliştirme,2,branchi yükle bildirimi gönder,4,1.0,True,YÜKLE ; GÖNDER,YÜKLE:branchi yükle ; GÖNDER:bildirimi gönder,2,YÜKLE ; GÖNDER,YÜKLE:branchi yükle ; GÖNDER:bildirimi gönder
CK-3489,dosya_yazılım_geliştirme,2,debug panelini kapat buildi yinele,5,1.0,True,KAPAT ; YİNELE,KAPAT:debug panelini kapat ; YİNELE:buildi yinele,2,KAPAT ; YİNELE,KAPAT:debug panelini kapat ; YİNELE:buildi yinele
CK-3490,dosya_yazılım_geliştirme,3,paketi indir modüle yükle buildi yinele,6,1.0,True,İNDİR ; YÜKLE ; YİNELE,İNDİR:paketi indir ; YÜKLE:modüle yükle ; YİNELE:buildi yinele,3,İNDİR ; YÜKLE ; YİNELE,İNDİR:paketi indir ; YÜKLE:modüle yükle ; YİNELE:buildi yinele
CK-3491,dosya_yazılım_geliştirme,3,terminali kapat logu yazdır raporu gönder,6,1.0,True,KAPAT ; YAZDIR ; GÖNDER,KAPAT:terminali kapat ; YAZDIR:logu yazdır ; GÖNDER:raporu gönder,3,KAPAT ; YAZDIR ; GÖNDER,KAPAT:terminali kapat ; YAZDIR:logu yazdır ; GÖNDER:raporu gönder
CK-3492,dosya_yazılım_geliştirme,3,satırı kes dosyayı kaydet repoya yükle,6,1.0,True,KES ; KAYDET ; YÜKLE,KES:satırı kes ; KAYDET:dosyayı kaydet ; YÜKLE:repoya yükle,3,KES ; KAYDET ; YÜKLE,KES:satırı kes ; KAYDET:dosyayı kaydet ; YÜKLE:repoya yükle
CK-3493,dosya_yazılım_geliştirme,3,branchi yükle testi yinele sonucu gönder,6,1.0,True,YÜKLE ; YİNELE ; GÖNDER,YÜKLE:branchi yükle ; YİNELE:testi yinele ; GÖNDER:sonucu gönder,3,YÜKLE ; YİNELE ; GÖNDER,YÜKLE:branchi yükle ; YİNELE:testi yinele ; GÖNDER:sonucu gönder
CK-3494,dosya_yazılım_geliştirme,3,paket indirme dosyayı yükle logu yazdır terminali kapat,8,1.0,True,YÜKLE ; YAZDIR ; KAPAT,YÜKLE:dosyayı yükle ; YAZDIR:logu yazdır ; KAPAT:terminali kapat,3,YÜKLE ; YAZDIR ; KAPAT,YÜKLE:dosyayı yükle ; YAZDIR:logu yazdır ; KAPAT:terminali kapat
CK-3495,dosya_yazılım_geliştirme,3,hata panelini kapat komutu yinele çıktıyı yazdır,7,1.0,True,KAPAT ; YİNELE ; YAZDIR,KAPAT:hata panelini kapat ; YİNELE:komutu yinele ; YAZDIR:çıktıyı yazdır,3,KAPAT ; YİNELE ; YAZDIR,KAPAT:hata panelini kapat ; YİNELE:komutu yinele ; YAZDIR:çıktıyı yazdır
CK-3496,dosya_yazılım_geliştirme,4,paketi indir projeye yükle testi yinele sonucu gönder,8,1.0,True,İNDİR ; YÜKLE ; YİNELE ; GÖNDER,İNDİR:paketi indir ; YÜKLE:projeye yükle ; YİNELE:testi yinele ; GÖNDER:sonucu gönder,4,İNDİR ; YÜKLE ; YİNELE ; GÖNDER,İNDİR:paketi indir ; YÜKLE:projeye yükle ; YİNELE:testi yinele ; GÖNDER:sonucu gönder
CK-3497,dosya_yazılım_geliştirme,4,satırı kes boşluk bırak dosyayı kaydet terminali kapat,8,0.875,False,KES ; BOŞLUK ; KAYDET ; KAPAT,KES:satırı kes ; BOŞLUK:boşluk bırak ; KAYDET:dosyayı kaydet ; KAPAT:terminali kapat,4,KES ; BOŞLUK ; KAYDET ; KAPAT,KES:kes ; BOŞLUK:boşluk bırak ; KAYDET:dosyayı kaydet ; KAPAT:terminali kapat
CK-3498,dosya_yazılım_geliştirme,4,logu yazdır çıktıyı gönder branchi yükle paneli kapat,8,1.0,True,YAZDIR ; GÖNDER ; YÜKLE ; KAPAT,YAZDIR:logu yazdır ; GÖNDER:çıktıyı gönder ; YÜKLE:branchi yükle ; KAPAT:paneli kapat,4,YAZDIR ; GÖNDER ; YÜKLE ; KAPAT,YAZDIR:logu yazdır ; GÖNDER:çıktıyı gönder ; YÜKLE:branchi yükle ; KAPAT:paneli kapat
CK-3499,dosya_yazılım_geliştirme,4,terminali kapat paketi indir kurulumu yinele raporu gönder,8,1.0,True,KAPAT ; İNDİR ; YİNELE ; GÖNDER,KAPAT:terminali kapat ; İNDİR:paketi indir ; YİNELE:kurulumu yinele ; GÖNDER:raporu gönder,4,KAPAT ; İNDİR ; YİNELE ; GÖNDER,KAPAT:terminali kapat ; İNDİR:paketi indir ; YİNELE:kurulumu yinele ; GÖNDER:raporu gönder
CK-3500,dosya_yazılım_geliştirme,4,dosyayı yükle buildi yinele logu yazdır repoya gönder,8,1.0,True,YÜKLE ; YİNELE ; YAZDIR ; GÖNDER,YÜKLE:dosyayı yükle ; YİNELE:buildi yinele ; YAZDIR:logu yazdır ; GÖNDER:repoya gönder,4,YÜKLE ; YİNELE ; YAZDIR ; GÖNDER,YÜKLE:dosyayı yükle ; YİNELE:buildi yinele ; YAZDIR:logu yazdır ; GÖNDER:repoya gönder
CK-3501,dosya_yazılım_geliştirme,5,paketi indir projeye yükle testi yinele logu yazdır sonucu gönder,10,1.0,True,İNDİR ; YÜKLE ; YİNELE ; YAZDIR ; GÖNDER,İNDİR:paketi indir ; YÜKLE:projeye yükle ; YİNELE:testi yinele ; YAZDIR:logu yazdır ; GÖNDER:sonucu gönder,5,İNDİR ; YÜKLE ; YİNELE ; YAZDIR ; GÖNDER,İNDİR:paketi indir ; YÜKLE:projeye yükle ; YİNELE:testi yinele ; YAZDIR:logu yazdır ; GÖNDER:sonucu gönder
CK-3502,dosya_yazılım_geliştirme,5,satırı kes dosyayı kaydet repoya yükle terminali kapat bildirimi gönder,10,1.0,True,KES ; KAYDET ; YÜKLE ; KAPAT ; GÖNDER,KES:satırı kes ; KAYDET:dosyayı kaydet ; YÜKLE:repoya yükle ; KAPAT:terminali kapat ; GÖNDER:bildirimi gönder,5,KES ; KAYDET ; YÜKLE ; KAPAT ; GÖNDER,KES:satırı kes ; KAYDET:dosyayı kaydet ; YÜKLE:repoya yükle ; KAPAT:terminali kapat ; GÖNDER:bildirimi gönder
CK-3503,temel_bilgisayar,1,ekran okuyucuyu kapatma sadece sesini biraz azalt,7,1.0,True,AZALT,AZALT:sesini biraz azalt,1,AZALT,AZALT:sesini biraz azalt
CK-3504,temel_bilgisayar,1,şu küçük erişim simgesini seçebilir misin,6,0.8333333333333334,False,SEÇ,SEÇ:şu küçük erişim simgesini seçebilir misin,1,SEÇ,SEÇ:küçük erişim simgesini seçebilir misin
CK-3505,temel_bilgisayar,1,başlat menüsünü açma arama kutusuna geç,6,1.0,True,GEÇ,GEÇ:arama kutusuna geç,1,GEÇ,GEÇ:arama kutusuna geç
CK-3506,temel_bilgisayar,1,masaüstündeki erişilebilirlik klasörünü bul,4,0.75,False,BUL,BUL:masaüstündeki erişilebilirlik klasörünü bul,1,BUL,BUL:erişilebilirlik klasörünü bul
CK-3507,temel_bilgisayar,1,ekran büyütecini biraz küçült ya,5,1.0,True,KÜÇÜLT,KÜÇÜLT:ekran büyütecini biraz küçült,1,KÜÇÜLT,KÜÇÜLT:ekran büyütecini biraz küçült
CK-3508,temel_bilgisayar,1,şimdilik bildirim merkezini kapat,4,0.75,False,KAPAT,KAPAT:bildirim merkezini kapat,1,KAPAT,KAPAT:şimdilik bildirim merkezini kapat
CK-3509,temel_bilgisayar,1,klavye kısayolunu yanlış söyledim sadece enter tuşuna bas,8,1.0,True,ENTER,ENTER:enter tuşuna bas,1,ENTER,ENTER:enter tuşuna bas
CK-3510,temel_bilgisayar,1,imlecin sağ tarafına tek boşluk ekle,6,1.0,True,BOŞLUK,BOŞLUK:imlecin sağ tarafına tek boşluk ekle,1,BOŞLUK,BOŞLUK:imlecin sağ tarafına tek boşluk ekle
CK-3511,temel_bilgisayar,1,şu seçili dosyayı panoya kopyala,5,0.8,False,KOPYALA,KOPYALA:şu seçili dosyayı panoya kopyala,1,KOPYALA,KOPYALA:seçili dosyayı panoya kopyala
CK-3512,temel_bilgisayar,1,kopyalananı bu klasörün içine yapıştır,5,0.8,False,YAPIŞTIR,YAPIŞTIR:kopyalananı bu klasörün içine yapıştır,2,KOPYALA ; YAPIŞTIR,KOPYALA:kopyalananı ; YAPIŞTIR:bu klasörün içine yapıştır
CK-3513,temel_bilgisayar,2,ayarlar penceresini büyüt sonra sol menüye geç,7,1.0,True,BÜYÜT ; GEÇ,BÜYÜT:ayarlar penceresini büyüt ; GEÇ:sol menüye geç,2,BÜYÜT ; GEÇ,BÜYÜT:ayarlar penceresini büyüt ; GEÇ:sol menüye geç
CK-3514,temel_bilgisayar,1,masaüstüne geç ama hiçbir dosyayı silme,6,1.0,True,GEÇ,GEÇ:masaüstüne geç,1,GEÇ,GEÇ:masaüstüne geç
CK-3515,temel_bilgisayar,1,geçici ekran görüntüsünü sil,4,1.0,True,SİL,SİL:geçici ekran görüntüsünü sil,1,SİL,SİL:geçici ekran görüntüsünü sil
CK-3516,temel_bilgisayar,2,başlat aramasına not defteri yazıp enter bas,7,1.0,True,YAZ ; ENTER,YAZ:başlat aramasına not defteri yazıp ; ENTER:enter bas,2,YAZ ; ENTER,YAZ:başlat aramasına not defteri yazıp ; ENTER:enter bas
CK-3517,temel_bilgisayar,2,ekran klavyesini aç ardından boşluk tuşuna bas,7,1.0,True,AÇ ; BOŞLUK,AÇ:ekran klavyesini aç ; BOŞLUK:boşluk tuşuna bas,2,AÇ ; BOŞLUK,AÇ:ekran klavyesini aç ; BOŞLUK:boşluk tuşuna bas
CK-3518,temel_bilgisayar,2,dosyanın adını ders planı yap ve kaydet,7,1.0,True,YENİDEN_ADLANDIR ; KAYDET,YENİDEN_ADLANDIR:dosyanın adını ders planı yap ; KAYDET:kaydet,2,YENİDEN_ADLANDIR ; KAYDET,YENİDEN_ADLANDIR:dosyanın adını ders planı yap ; KAYDET:kaydet
CK-3519,temel_bilgisayar,2,sol taraftaki klasörü seç sağdaki alana taşı,7,1.0,True,SEÇ ; TAŞI,SEÇ:sol taraftaki klasörü seç ; TAŞI:sağdaki alana taşı,2,SEÇ ; TAŞI,SEÇ:sol taraftaki klasörü seç ; TAŞI:sağdaki alana taşı
CK-3520,temel_bilgisayar,2,şu uyarıya tıkla ardından pencereyi kapat,6,1.0,True,TIKLA ; KAPAT,TIKLA:şu uyarıya tıkla ; KAPAT:pencereyi kapat,2,TIKLA ; KAPAT,TIKLA:şu uyarıya tıkla ; KAPAT:pencereyi kapat
CK-3521,temel_bilgisayar,3,ekran parlaklığını artır ses seviyesini azalt sonra bildirimi kapat,9,1.0,True,ARTIR ; AZALT ; KAPAT,ARTIR:ekran parlaklığını artır ; AZALT:ses seviyesini azalt ; KAPAT:bildirimi kapat,3,ARTIR ; AZALT ; KAPAT,ARTIR:ekran parlaklığını artır ; AZALT:ses seviyesini azalt ; KAPAT:bildirimi kapat
CK-3522,temel_bilgisayar,3,dosyayı silme klasörü bul seç ve masaüstüne taşı,8,1.0,True,BUL ; SEÇ ; TAŞI,BUL:klasörü bul ; SEÇ:seç ; TAŞI:masaüstüne taşı,3,BUL ; SEÇ ; TAŞI,BUL:klasörü bul ; SEÇ:seç ; TAŞI:masaüstüne taşı
CK-3523,temel_bilgisayar,3,erişim panelini aç yüksek kontrast ayarını bul onu etkinleştir,9,0.7777777777777778,False,AÇ ; BUL ; DEĞİŞTİR,AÇ:erişim panelini aç ; BUL:yüksek kontrast ayarını bul ; DEĞİŞTİR:onu etkinleştir,3,AÇ ; BUL ; DİĞER,AÇ:erişim panelini aç ; BUL:yüksek kontrast ayarını bul ; DİĞER:onu etkinleştir
CK-3524,temel_bilgisayar,3,kısayolu kopyala belgeler klasörüne geç oraya yapıştır,7,1.0,True,KOPYALA ; GEÇ ; YAPIŞTIR,KOPYALA:kısayolu kopyala ; GEÇ:belgeler klasörüne geç ; YAPIŞTIR:oraya yapıştır,3,KOPYALA ; GEÇ ; YAPIŞTIR,KOPYALA:kısayolu kopyala ; GEÇ:belgeler klasörüne geç ; YAPIŞTIR:oraya yapıştır
CK-3525,temel_bilgisayar,3,masaüstüne geç yeni klasör oluştur adını erişim notları yap,9,1.0,True,GEÇ ; YENİ_OLUŞTUR ; YENİDEN_ADLANDIR,GEÇ:masaüstüne geç ; YENİ_OLUŞTUR:yeni klasör oluştur ; YENİDEN_ADLANDIR:adını erişim notları yap,3,GEÇ ; YENİ_OLUŞTUR ; YENİDEN_ADLANDIR,GEÇ:masaüstüne geç ; YENİ_OLUŞTUR:yeni klasör oluştur ; YENİDEN_ADLANDIR:adını erişim notları yap
CK-3526,temel_bilgisayar,3,başlat aramasına ekran klavyesi yaz enter bas çıkan sonucu aç,10,1.0,True,YAZ ; ENTER ; AÇ,YAZ:başlat aramasına ekran klavyesi yaz ; ENTER:enter bas ; AÇ:çıkan sonucu aç,3,YAZ ; ENTER ; AÇ,YAZ:başlat aramasına ekran klavyesi yaz ; ENTER:enter bas ; AÇ:çıkan sonucu aç
CK-3527,temel_bilgisayar,3,görev görünümünü aç ikinci pencereye geç sonra pencereyi büyüt,9,1.0,True,AÇ ; GEÇ ; BÜYÜT,AÇ:görev görünümünü aç ; GEÇ:ikinci pencereye geç ; BÜYÜT:pencereyi büyüt,3,AÇ ; GEÇ ; BÜYÜT,AÇ:görev görünümünü aç ; GEÇ:ikinci pencereye geç ; BÜYÜT:pencereyi büyüt
CK-3528,tarayıcı_internet,1,bu sayfanın içinde yönetmelik kelimesini bul,6,0.6666666666666666,False,BUL,BUL:bu sayfanın içinde yönetmelik kelimesini bul,1,BUL,BUL:içinde yönetmelik kelimesini bul
CK-3529,tarayıcı_internet,1,şu reklam penceresini kapatır mısın,5,1.0,True,KAPAT,KAPAT:şu reklam penceresini kapatır mısın,1,KAPAT,KAPAT:şu reklam penceresini kapatır mısın
CK-3530,tarayıcı_internet,1,adres satırına okul portalı yaz,5,1.0,True,YAZ,YAZ:adres satırına okul portalı yaz,1,YAZ,YAZ:adres satırına okul portalı yaz
CK-3531,tarayıcı_internet,1,giriş butonuna basıver yani tıkla,5,0.8,False,TIKLA,TIKLA:giriş butonuna basıver,2,TIKLA ; TIKLA,TIKLA:giriş butonuna basıver ; TIKLA:tıkla
CK-3532,tarayıcı_internet,1,kimlik dosyasını siteye yükle lütfen,5,1.0,True,YÜKLE,YÜKLE:kimlik dosyasını siteye yükle,1,YÜKLE,YÜKLE:kimlik dosyasını siteye yükle
CK-3533,tarayıcı_internet,1,pdf açılmasın doğrudan bilgisayara indir,5,1.0,True,İNDİR,İNDİR:doğrudan bilgisayara indir,1,İNDİR,İNDİR:doğrudan bilgisayara indir
CK-3534,tarayıcı_internet,1,bu formu göndermeden taslak olarak kaydet,6,1.0,True,KAYDET,KAYDET:taslak olarak kaydet,1,KAYDET,KAYDET:taslak olarak kaydet
CK-3535,tarayıcı_internet,1,arama sonucunu yeni sekmede aç,5,1.0,True,AÇ,AÇ:arama sonucunu yeni sekmede aç,1,AÇ,AÇ:arama sonucunu yeni sekmede aç
CK-3536,tarayıcı_internet,1,site içinde erişilebilirlik ara,4,0.75,False,ARA,ARA:site içinde erişilebilirlik ara,1,ARA,ARA:içinde erişilebilirlik ara
CK-3537,tarayıcı_internet,2,önceki sekmeye geç ve sayfanın başına kaydır,7,1.0,True,SEKME_DEĞİŞTİR ; KAYDIR,SEKME_DEĞİŞTİR:önceki sekmeye geç ; KAYDIR:sayfanın başına kaydır,2,SEKME_DEĞİŞTİR ; KAYDIR,SEKME_DEĞİŞTİR:önceki sekmeye geç ; KAYDIR:sayfanın başına kaydır
CK-3538,tarayıcı_internet,2,arama kutusuna tıkla öğrenci işleri yaz,6,1.0,True,TIKLA ; YAZ,TIKLA:arama kutusuna tıkla ; YAZ:öğrenci işleri yaz,2,TIKLA ; YAZ,TIKLA:arama kutusuna tıkla ; YAZ:öğrenci işleri yaz
CK-3539,tarayıcı_internet,2,güvenlik kodu alanını seç kopyalanan kodu yapıştır,7,1.0,True,SEÇ ; YAPIŞTIR,SEÇ:güvenlik kodu alanını seç ; YAPIŞTIR:kopyalanan kodu yapıştır,2,SEÇ ; YAPIŞTIR,SEÇ:güvenlik kodu alanını seç ; YAPIŞTIR:kopyalanan kodu yapıştır
CK-3540,tarayıcı_internet,2,bağlantıyı kopyala yeni sekmeye yapıştır,5,1.0,True,KOPYALA ; YAPIŞTIR,KOPYALA:bağlantıyı kopyala ; YAPIŞTIR:yeni sekmeye yapıştır,2,KOPYALA ; YAPIŞTIR,KOPYALA:bağlantıyı kopyala ; YAPIŞTIR:yeni sekmeye yapıştır
CK-3541,tarayıcı_internet,2,sayfayı yenile sonra hata mesajını bul,6,1.0,True,YİNELE ; BUL,YİNELE:sayfayı yenile ; BUL:hata mesajını bul,2,YİNELE ; BUL,YİNELE:sayfayı yenile ; BUL:hata mesajını bul
CK-3542,tarayıcı_internet,2,dosya alanına tıkla kimlik görselini yükle,6,1.0,True,TIKLA ; YÜKLE,TIKLA:dosya alanına tıkla ; YÜKLE:kimlik görselini yükle,2,TIKLA ; YÜKLE,TIKLA:dosya alanına tıkla ; YÜKLE:kimlik görselini yükle
CK-3543,tarayıcı_internet,1,formu kontrol etmeden göndermeyelim sadece zorunlu alanı bul,8,1.0,True,BUL,BUL:zorunlu alanı bul,1,BUL,BUL:zorunlu alanı bul
CK-3544,tarayıcı_internet,3,adres çubuğundaki eski adresi seç sil ve yeni adresi yaz,10,1.0,True,SEÇ ; SİL ; YAZ,SEÇ:adres çubuğundaki eski adresi seç ; SİL:sil ; YAZ:yeni adresi yaz,3,SEÇ ; SİL ; YAZ,SEÇ:adres çubuğundaki eski adresi seç ; SİL:sil ; YAZ:yeni adresi yaz
CK-3545,tarayıcı_internet,3,başvuru sayfasına git tc alanını seç numarayı yaz,8,1.0,True,GİT ; SEÇ ; YAZ,GİT:başvuru sayfasına git ; SEÇ:tc alanını seç ; YAZ:numarayı yaz,3,GİT ; SEÇ ; YAZ,GİT:başvuru sayfasına git ; SEÇ:tc alanını seç ; YAZ:numarayı yaz
CK-3546,tarayıcı_internet,3,pdf bağlantısını aç dosyayı indir indirme çubuğunu kapat,8,1.0,True,AÇ ; İNDİR ; KAPAT,AÇ:pdf bağlantısını aç ; İNDİR:dosyayı indir ; KAPAT:indirme çubuğunu kapat,3,AÇ ; İNDİR ; KAPAT,AÇ:pdf bağlantısını aç ; İNDİR:dosyayı indir ; KAPAT:indirme çubuğunu kapat
CK-3547,tarayıcı_internet,3,sağdaki sekmeye geç sayfayı yenile duyuru başlığını kopyala,8,1.0,True,SEKME_DEĞİŞTİR ; YİNELE ; KOPYALA,SEKME_DEĞİŞTİR:sağdaki sekmeye geç ; YİNELE:sayfayı yenile ; KOPYALA:duyuru başlığını kopyala,3,SEKME_DEĞİŞTİR ; YİNELE ; KOPYALA,SEKME_DEĞİŞTİR:sağdaki sekmeye geç ; YİNELE:sayfayı yenile ; KOPYALA:duyuru başlığını kopyala
CK-3548,tarayıcı_internet,3,arama motorunda akademik takvim ara ilk sonucu aç sonra sayfayı aşağı kaydır,12,1.0,True,ARA ; AÇ ; KAYDIR,ARA:akademik takvim ara ; AÇ:ilk sonucu aç ; KAYDIR:sayfayı aşağı kaydır,3,ARA ; AÇ ; KAYDIR,ARA:akademik takvim ara ; AÇ:ilk sonucu aç ; KAYDIR:sayfayı aşağı kaydır
CK-3549,tarayıcı_internet,3,yüklediğin dosyayı seç açıklama alanına rapor taslağı yaz formu gönder,10,1.0,True,SEÇ ; YAZ ; GÖNDER,SEÇ:yüklediğin dosyayı seç ; YAZ:açıklama alanına rapor taslağı yaz ; GÖNDER:formu gönder,3,SEÇ ; YAZ ; GÖNDER,SEÇ:yüklediğin dosyayı seç ; YAZ:açıklama alanına rapor taslağı yaz ; GÖNDER:formu gönder
CK-3550,tarayıcı_internet,3,yeni sekme aç üniversite sitesine git duyurular kelimesini ara,9,1.0,True,AÇ ; GİT ; ARA,AÇ:yeni sekme aç ; GİT:üniversite sitesine git ; ARA:duyurular kelimesini ara,3,AÇ ; GİT ; ARA,AÇ:yeni sekme aç ; GİT:üniversite sitesine git ; ARA:duyurular kelimesini ara
CK-3551,tarayıcı_internet,3,geri gitme sekmeyi yenile form alanını bul oraya tıkla,9,1.0,True,YİNELE ; BUL ; TIKLA,YİNELE:sekmeyi yenile ; BUL:form alanını bul ; TIKLA:oraya tıkla,3,YİNELE ; BUL ; TIKLA,YİNELE:sekmeyi yenile ; BUL:form alanını bul ; TIKLA:oraya tıkla
CK-3552,tarayıcı_internet,5,adres satırına geç mevcut adresi seç sil yeni adresi yapıştır enter bas,12,1.0,True,GEÇ ; SEÇ ; SİL ; YAPIŞTIR ; ENTER,GEÇ:adres satırına geç ; SEÇ:mevcut adresi seç ; SİL:sil ; YAPIŞTIR:yeni adresi yapıştır ; ENTER:enter bas,5,GEÇ ; SEÇ ; SİL ; YAPIŞTIR ; ENTER,GEÇ:adres satırına geç ; SEÇ:mevcut adresi seç ; SİL:sil ; YAPIŞTIR:yeni adresi yapıştır ; ENTER:enter bas
CK-3553,ofis_metin_düzenleme,1,çıktı almadan önce son paragrafı seç,6,1.0,True,SEÇ,SEÇ:son paragrafı seç,1,SEÇ,SEÇ:son paragrafı seç
CK-3554,ofis_metin_düzenleme,1,başlık çok büyük puntoyu biraz azalt,6,1.0,True,AZALT,AZALT:puntoyu biraz azalt,1,AZALT,AZALT:puntoyu biraz azalt
CK-3555,ofis_metin_düzenleme,1,kaynakça bölümünü bulur musun,4,1.0,True,BUL,BUL:kaynakça bölümünü bulur musun,1,BUL,BUL:kaynakça bölümünü bulur musun
CK-3556,ofis_metin_düzenleme,1,dipnot panelini kapat şimdilik,4,1.0,True,KAPAT,KAPAT:dipnot panelini kapat,1,KAPAT,KAPAT:dipnot panelini kapat
CK-3557,ofis_metin_düzenleme,1,şu cümleyi panoya kopyala,4,1.0,True,KOPYALA,KOPYALA:şu cümleyi panoya kopyala,1,KOPYALA,KOPYALA:şu cümleyi panoya kopyala
CK-3558,ofis_metin_düzenleme,1,tabloyu silme sadece kenarlığını değiştir,5,1.0,True,DEĞİŞTİR,DEĞİŞTİR:kenarlığını değiştir,1,DEĞİŞTİR,DEĞİŞTİR:kenarlığını değiştir
CK-3559,ofis_metin_düzenleme,1,belgenin sonuna tek boş satır bırak,6,1.0,True,BOŞLUK,BOŞLUK:belgenin sonuna tek boş satır bırak,1,BOŞLUK,BOŞLUK:belgenin sonuna tek boş satır bırak
CK-3560,ofis_metin_düzenleme,1,seçili satırı keser misin,4,1.0,True,KES,KES:seçili satırı keser misin,1,KES,KES:seçili satırı keser misin
CK-3561,ofis_metin_düzenleme,1,belgeyi pdf olarak kaydet,4,1.0,True,KAYDET,KAYDET:belgeyi pdf olarak kaydet,1,KAYDET,KAYDET:belgeyi pdf olarak kaydet
CK-3562,ofis_metin_düzenleme,1,başlığın altına giriş notu yaz,5,1.0,True,YAZ,YAZ:başlığın altına giriş notu yaz,1,YAZ,YAZ:başlığın altına giriş notu yaz
CK-3563,ofis_metin_düzenleme,2,tablo başlığını seç ve rengini gri yap,7,1.0,True,SEÇ ; DEĞİŞTİR,SEÇ:tablo başlığını seç ; DEĞİŞTİR:rengini gri yap,2,SEÇ ; DEĞİŞTİR,SEÇ:tablo başlığını seç ; DEĞİŞTİR:rengini gri yap
CK-3564,ofis_metin_düzenleme,2,ilk paragrafı kopyala özet bölümüne yapıştır,6,1.0,True,KOPYALA ; YAPIŞTIR,KOPYALA:ilk paragrafı kopyala ; YAPIŞTIR:özet bölümüne yapıştır,2,KOPYALA ; YAPIŞTIR,KOPYALA:ilk paragrafı kopyala ; YAPIŞTIR:özet bölümüne yapıştır
CK-3565,ofis_metin_düzenleme,2,sayfanın sonuna git ve tarihi yaz,6,1.0,True,GİT ; YAZ,GİT:sayfanın sonuna git ; YAZ:tarihi yaz,2,GİT ; YAZ,GİT:sayfanın sonuna git ; YAZ:tarihi yaz
CK-3566,ofis_metin_düzenleme,1,başlığı büyütme alt başlığı küçült,5,1.0,True,KÜÇÜLT,KÜÇÜLT:alt başlığı küçült,1,KÜÇÜLT,KÜÇÜLT:alt başlığı küçült
CK-3567,ofis_metin_düzenleme,2,sayfa numarasını artır sonra belgeyi yazdır,6,1.0,True,ARTIR ; YAZDIR,ARTIR:sayfa numarasını artır ; YAZDIR:belgeyi yazdır,2,ARTIR ; YAZDIR,ARTIR:sayfa numarasını artır ; YAZDIR:belgeyi yazdır
CK-3568,ofis_metin_düzenleme,2,boş satırı sil ardından belgeyi kaydet,6,1.0,True,SİL ; KAYDET,SİL:boş satırı sil ; KAYDET:belgeyi kaydet,2,SİL ; KAYDET,SİL:boş satırı sil ; KAYDET:belgeyi kaydet
CK-3569,ofis_metin_düzenleme,2,bulduğun kelimeyi seç sonra üstüne rapor yaz,7,1.0,True,SEÇ ; YAZ,SEÇ:bulduğun kelimeyi seç ; YAZ:üstüne rapor yaz,2,SEÇ ; YAZ,SEÇ:bulduğun kelimeyi seç ; YAZ:üstüne rapor yaz
CK-3570,ofis_metin_düzenleme,2,tabloyu aşağı kaydır son satırı seç,6,1.0,True,KAYDIR ; SEÇ,KAYDIR:tabloyu aşağı kaydır ; SEÇ:son satırı seç,2,KAYDIR ; SEÇ,KAYDIR:tabloyu aşağı kaydır ; SEÇ:son satırı seç
CK-3571,ofis_metin_düzenleme,3,dipnotu bul seçili dipnotu sil belgeyi kaydet,7,1.0,True,BUL ; SİL ; KAYDET,BUL:dipnotu bul ; SİL:seçili dipnotu sil ; KAYDET:belgeyi kaydet,3,BUL ; SİL ; KAYDET,BUL:dipnotu bul ; SİL:seçili dipnotu sil ; KAYDET:belgeyi kaydet
CK-3572,ofis_metin_düzenleme,3,Excel'de B sütununu seç genişliğini artır dosyayı kaydet,8,1.0,True,SEÇ ; ARTIR ; KAYDET,SEÇ:B sütununu seç ; ARTIR:genişliğini artır ; KAYDET:dosyayı kaydet,3,SEÇ ; ARTIR ; KAYDET,SEÇ:B sütununu seç ; ARTIR:genişliğini artır ; KAYDET:dosyayı kaydet
CK-3573,ofis_metin_düzenleme,3,son cümleyi kes giriş bölümüne taşı ve oraya yapıştır,9,1.0,True,KES ; TAŞI ; YAPIŞTIR,KES:son cümleyi kes ; TAŞI:giriş bölümüne taşı ; YAPIŞTIR:oraya yapıştır,3,KES ; TAŞI ; YAPIŞTIR,KES:son cümleyi kes ; TAŞI:giriş bölümüne taşı ; YAPIŞTIR:oraya yapıştır
CK-3574,ofis_metin_düzenleme,3,slaytta resmi seç biraz büyüt sağ tarafa taşı,8,0.875,False,SEÇ ; BÜYÜT ; TAŞI,SEÇ:resmi seç ; BÜYÜT:biraz büyüt ; TAŞI:sağ tarafa taşı,3,SEÇ ; BÜYÜT ; TAŞI,SEÇ:slaytta resmi seç ; BÜYÜT:biraz büyüt ; TAŞI:sağ tarafa taşı
CK-3575,ofis_metin_düzenleme,3,başlığı ara ilk eşleşmeyi seç rengini değiştir,7,1.0,True,ARA ; SEÇ ; DEĞİŞTİR,ARA:başlığı ara ; SEÇ:ilk eşleşmeyi seç ; DEĞİŞTİR:rengini değiştir,3,ARA ; SEÇ ; DEĞİŞTİR,ARA:başlığı ara ; SEÇ:ilk eşleşmeyi seç ; DEĞİŞTİR:rengini değiştir
CK-3576,ofis_metin_düzenleme,4,kapak sayfasına git başlığı yaz enter bas dosyayı kaydet,9,0.8888888888888888,False,GİT ; YAZ ; ENTER ; KAYDET,GİT:kapak sayfasına git ; YAZ:başlığı yaz ; ENTER:enter bas ; KAYDET:dosyayı kaydet,4,GİT ; YAZ ; ENTER ; KAYDET,GİT:kapak sayfasına ; YAZ:git başlığı yaz ; ENTER:enter bas ; KAYDET:dosyayı kaydet
CK-3577,ofis_metin_düzenleme,4,paragrafı seç satır aralığını azalt boşluk bırak ve belgeyi yazdır,10,1.0,True,SEÇ ; AZALT ; BOŞLUK ; YAZDIR,SEÇ:paragrafı seç ; AZALT:satır aralığını azalt ; BOŞLUK:boşluk bırak ; YAZDIR:belgeyi yazdır,4,SEÇ ; AZALT ; BOŞLUK ; YAZDIR,SEÇ:paragrafı seç ; AZALT:satır aralığını azalt ; BOŞLUK:boşluk bırak ; YAZDIR:belgeyi yazdır
CK-3578,dosya_yazılım_geliştirme,1,proje klasörüne geçmeden terminali aç,5,1.0,True,AÇ,AÇ:terminali aç,1,AÇ,AÇ:terminali aç
CK-3579,dosya_yazılım_geliştirme,1,requirements dosyasını bul,3,1.0,True,BUL,BUL:requirements dosyasını bul,1,BUL,BUL:requirements dosyasını bul
CK-3580,dosya_yazılım_geliştirme,1,terminalde git status yaz,4,0.75,False,YAZ,YAZ:terminalde git status yaz,1,YAZ,YAZ:git status yaz
CK-3581,dosya_yazılım_geliştirme,1,son build paketini indir,4,1.0,True,İNDİR,İNDİR:son build paketini indir,1,İNDİR,İNDİR:son build paketini indir
CK-3582,dosya_yazılım_geliştirme,1,config dosyasını açabilir miyiz,4,1.0,True,AÇ,AÇ:config dosyasını açabilir miyiz,1,AÇ,AÇ:config dosyasını açabilir miyiz
CK-3583,dosya_yazılım_geliştirme,1,yanlış klasörü değil src klasörünü seç,6,1.0,True,SEÇ,SEÇ:src klasörünü seç,1,SEÇ,SEÇ:src klasörünü seç
CK-3584,dosya_yazılım_geliştirme,1,geçici log dosyasını sil,4,1.0,True,SİL,SİL:geçici log dosyasını sil,1,SİL,SİL:geçici log dosyasını sil
CK-3585,dosya_yazılım_geliştirme,1,readme dosyasını docs klasörüne taşı,5,1.0,True,TAŞI,TAŞI:readme dosyasını docs klasörüne taşı,1,TAŞI,TAŞI:readme dosyasını docs klasörüne taşı
CK-3586,dosya_yazılım_geliştirme,1,branch adını release_2026 yap,4,1.0,True,YENİDEN_ADLANDIR,YENİDEN_ADLANDIR:branch adını release_2026 yap,1,YENİDEN_ADLANDIR,YENİDEN_ADLANDIR:branch adını release_2026 yap
CK-3587,dosya_yazılım_geliştirme,1,değişiklikleri kaydet,2,1.0,True,KAYDET,KAYDET:değişiklikleri kaydet,1,KAYDET,KAYDET:değişiklikleri kaydet
CK-3588,dosya_yazılım_geliştirme,2,terminal panelini aç npm run lint komutunu yaz,8,1.0,True,AÇ ; YAZ,AÇ:terminal panelini aç ; YAZ:npm run lint komutunu yaz,2,AÇ ; YAZ,AÇ:terminal panelini aç ; YAZ:npm run lint komutunu yaz
CK-3589,dosya_yazılım_geliştirme,2,hata satırını bul onu seç,5,1.0,True,BUL ; SEÇ,BUL:hata satırını bul ; SEÇ:onu seç,2,BUL ; SEÇ,BUL:hata satırını bul ; SEÇ:onu seç
CK-3590,dosya_yazılım_geliştirme,2,main.py dosyasını kopyala backup klasörüne yapıştır,6,1.0,True,KOPYALA ; YAPIŞTIR,KOPYALA:main.py dosyasını kopyala ; YAPIŞTIR:backup klasörüne yapıştır,2,KOPYALA ; YAPIŞTIR,KOPYALA:main.py dosyasını kopyala ; YAPIŞTIR:backup klasörüne yapıştır
CK-3591,dosya_yazılım_geliştirme,2,deployment arşivini indir proje dizinine yükle,6,1.0,True,İNDİR ; YÜKLE,İNDİR:deployment arşivini indir ; YÜKLE:proje dizinine yükle,2,İNDİR ; YÜKLE,İNDİR:deployment arşivini indir ; YÜKLE:proje dizinine yükle
CK-3592,dosya_yazılım_geliştirme,2,komutu yazdıktan sonra enter bas,5,1.0,True,YAZ ; ENTER,YAZ:komutu yazdıktan ; ENTER:enter bas,2,YAZ ; ENTER,YAZ:komutu yazdıktan ; ENTER:enter bas
CK-3593,dosya_yazılım_geliştirme,2,src klasörüne geç yeni helper dosyası oluştur,7,1.0,True,GEÇ ; YENİ_OLUŞTUR,GEÇ:src klasörüne geç ; YENİ_OLUŞTUR:yeni helper dosyası oluştur,2,GEÇ ; YENİ_OLUŞTUR,GEÇ:src klasörüne geç ; YENİ_OLUŞTUR:yeni helper dosyası oluştur
CK-3594,dosya_yazılım_geliştirme,2,log çıktısını yazdır sonra ekip kanalına gönder,7,1.0,True,YAZDIR ; GÖNDER,YAZDIR:log çıktısını yazdır ; GÖNDER:ekip kanalına gönder,2,YAZDIR ; GÖNDER,YAZDIR:log çıktısını yazdır ; GÖNDER:ekip kanalına gönder
CK-3595,dosya_yazılım_geliştirme,1,branch değiştirme sadece değişiklikleri kaydet,5,1.0,True,KAYDET,KAYDET:değişiklikleri kaydet,1,KAYDET,KAYDET:değişiklikleri kaydet
CK-3596,dosya_yazılım_geliştirme,3,config dosyasını aç port değerini 8080 yap kaydet,8,1.0,True,AÇ ; DEĞİŞTİR ; KAYDET,AÇ:config dosyasını aç ; DEĞİŞTİR:port değerini 8080 yap ; KAYDET:kaydet,3,AÇ ; DEĞİŞTİR ; KAYDET,AÇ:config dosyasını aç ; DEĞİŞTİR:port değerini 8080 yap ; KAYDET:kaydet
CK-3597,dosya_yazılım_geliştirme,3,test sonucunu bul hatalı satırı seç panoya kopyala,8,1.0,True,BUL ; SEÇ ; KOPYALA,BUL:test sonucunu bul ; SEÇ:hatalı satırı seç ; KOPYALA:panoya kopyala,3,BUL ; SEÇ ; KOPYALA,BUL:test sonucunu bul ; SEÇ:hatalı satırı seç ; KOPYALA:panoya kopyala
CK-3598,dosya_yazılım_geliştirme,3,terminali aç git pull yaz enter bas,7,1.0,True,AÇ ; YAZ ; ENTER,AÇ:terminali aç ; YAZ:git pull yaz ; ENTER:enter bas,3,AÇ ; YAZ ; ENTER,AÇ:terminali aç ; YAZ:git pull yaz ; ENTER:enter bas
CK-3599,dosya_yazılım_geliştirme,2,eski dosyayı silme yeni servis dosyası oluştur içine import satırı yaz,11,1.0,True,YENİ_OLUŞTUR ; YAZ,YENİ_OLUŞTUR:yeni servis dosyası oluştur ; YAZ:içine import satırı yaz,2,YENİ_OLUŞTUR ; YAZ,YENİ_OLUŞTUR:yeni servis dosyası oluştur ; YAZ:içine import satırı yaz
CK-3600,dosya_yazılım_geliştirme,3,hata logunu aç stack trace ara ilk satırı kopyala,9,1.0,True,AÇ ; ARA ; KOPYALA,AÇ:hata logunu aç ; ARA:stack trace ara ; KOPYALA:ilk satırı kopyala,3,AÇ ; ARA ; KOPYALA,AÇ:hata logunu aç ; ARA:stack trace ara ; KOPYALA:ilk satırı kopyala
CK-3601,dosya_yazılım_geliştirme,3,repo köküne geç docs klasörü oluştur readme dosyasını oraya taşı,10,1.0,True,GEÇ ; YENİ_OLUŞTUR ; TAŞI,GEÇ:repo köküne geç ; YENİ_OLUŞTUR:docs klasörü oluştur ; TAŞI:readme dosyasını oraya taşı,3,GEÇ ; YENİ_OLUŞTUR ; TAŞI,GEÇ:repo köküne geç ; YENİ_OLUŞTUR:docs klasörü oluştur ; TAŞI:readme dosyasını oraya taşı
CK-3602,dosya_yazılım_geliştirme,5,api dosyasını bul route satırını seç endpoint adını güncelle kaydet ve repoya yükle,13,0.7692307692307693,False,BUL ; SEÇ ; DEĞİŞTİR ; KAYDET ; YÜKLE,BUL:api dosyasını bul ; SEÇ:route satırını seç ; DEĞİŞTİR:endpoint adını güncelle ; KAYDET:kaydet ; YÜKLE:repoya yükle,7,BUL ; SEÇ ; YİNELE ; YENİDEN_ADLANDIR ; YİNELE ; KAYDET ; YÜKLE,BUL:api dosyasını bul ; SEÇ:route satırını seç ; YİNELE:endpoint ; YENİDEN_ADLANDIR:adını ; YİNELE:güncelle ; KAYDET:kaydet ; YÜKLE:repoya yükle
CK-3603,temel_bilgisayar,1,ekran okuyucu takılıyor konuşma hızını azalt,6,1.0,True,AZALT,AZALT:konuşma hızını azalt,1,AZALT,AZALT:konuşma hızını azalt
CK-3604,temel_bilgisayar,1,şimdilik büyüteci küçült okumam yeterli,5,0.6,False,KÜÇÜLT,KÜÇÜLT:büyüteci küçült,0,,
CK-3605,temel_bilgisayar,1,bildirim panelinde yeni uyarıları ara,5,1.0,True,ARA,ARA:yeni uyarıları ara,1,ARA,ARA:yeni uyarıları ara
CK-3606,temel_bilgisayar,1,masaüstündeki geçici kısayolu sil,4,0.75,False,SİL,SİL:geçici kısayolu sil,1,SİL,SİL:masaüstündeki geçici kısayolu sil
CK-3607,temel_bilgisayar,1,fare imlecini biraz büyütür müsün,5,0.8,False,BÜYÜT,BÜYÜT:fare imlecini biraz büyütür,1,BÜYÜT,BÜYÜT:fare imlecini biraz büyütür müsün
CK-3608,temel_bilgisayar,1,görev çubuğundaki arama kutusuna geç,5,1.0,True,GEÇ,GEÇ:arama kutusuna geç,1,GEÇ,GEÇ:arama kutusuna geç
CK-3609,temel_bilgisayar,1,başlat menüsünü açma sadece masaüstünü göster,6,1.0,True,DİĞER,DİĞER:masaüstünü göster,1,DİĞER,DİĞER:masaüstünü göster
CK-3610,temel_bilgisayar,1,ses seviyesi fazla geldi iki kademe azalt,7,1.0,True,AZALT,AZALT:iki kademe azalt,1,AZALT,AZALT:iki kademe azalt
CK-3611,temel_bilgisayar,1,ekranın sol kenarını biraz kaydır,5,0.8,False,KAYDIR,KAYDIR:sol kenarını biraz kaydır,1,KAYDIR,KAYDIR:ekranın sol kenarını biraz kaydır
CK-3612,temel_bilgisayar,1,buraya bir boşluk bırak sonra bekle,6,0.6666666666666666,False,BOŞLUK,BOŞLUK:bir boşluk bırak,2,BOŞLUK ; DİĞER,BOŞLUK:buraya bir boşluk bırak ; DİĞER:bekle
CK-3613,temel_bilgisayar,1,küçük pencereyi öne getir,4,0.0,False,GEÇ,GEÇ:pencereyi öne getir,1,DİĞER,DİĞER:küçük pencereyi öne getir
CK-3614,temel_bilgisayar,1,dosya gezgininde son değişen öğeyi bul,6,0.8333333333333334,False,BUL,BUL:son değişen öğeyi bul,1,BUL,BUL:gezgininde son değişen öğeyi bul
CK-3615,temel_bilgisayar,1,şu anda ekranı yazdırma görüntüyü panoya kopyala,7,1.0,True,KOPYALA,KOPYALA:görüntüyü panoya kopyala,1,KOPYALA,KOPYALA:görüntüyü panoya kopyala
CK-3616,temel_bilgisayar,1,panodaki metni bu alana yapıştır,5,0.8,False,YAPIŞTIR,YAPIŞTIR:metni bu alana yapıştır,1,YAPIŞTIR,YAPIŞTIR:panodaki metni bu alana yapıştır
CK-3617,temel_bilgisayar,1,simgelerin görünümünü liste olarak değiştir,5,0.6,False,DEĞİŞTİR,DEĞİŞTİR:liste olarak değiştir,1,DEĞİŞTİR,DEĞİŞTİR:simgelerin görünümünü liste olarak değiştir
CK-3618,temel_bilgisayar,2,önce ayarlar aramasına geç sonra erişilebilirlik yaz,7,1.0,True,GEÇ ; YAZ,GEÇ:ayarlar aramasına geç ; YAZ:erişilebilirlik yaz,2,GEÇ ; YAZ,GEÇ:ayarlar aramasına geç ; YAZ:erişilebilirlik yaz
CK-3619,temel_bilgisayar,2,bildirimleri açmadan rahatsız etmeyin modunu bul ve etkinleştir,8,1.0,True,BUL ; DİĞER,BUL:rahatsız etmeyin modunu bul ; DİĞER:etkinleştir,2,BUL ; DİĞER,BUL:rahatsız etmeyin modunu bul ; DİĞER:etkinleştir
CK-3620,temel_bilgisayar,2,masaüstünde yeni not klasörü oluştur adını erişim notları yap,9,0.8888888888888888,False,YENİ_OLUŞTUR ; YENİDEN_ADLANDIR,YENİ_OLUŞTUR:yeni not klasörü oluştur ; YENİDEN_ADLANDIR:erişim notları yap,2,YENİ_OLUŞTUR ; YENİDEN_ADLANDIR,YENİ_OLUŞTUR:yeni not klasörü oluştur ; YENİDEN_ADLANDIR:adını erişim notları yap
CK-3621,temel_bilgisayar,2,ses mikserini aç uygulama sesini azalt,6,1.0,True,AÇ ; AZALT,AÇ:ses mikserini aç ; AZALT:uygulama sesini azalt,2,AÇ ; AZALT,AÇ:ses mikserini aç ; AZALT:uygulama sesini azalt
CK-3622,temel_bilgisayar,2,şu seçili metni kes arama kutusuna yapıştır,7,1.0,True,KES ; YAPIŞTIR,KES:seçili metni kes ; YAPIŞTIR:arama kutusuna yapıştır,2,KES ; YAPIŞTIR,KES:seçili metni kes ; YAPIŞTIR:arama kutusuna yapıştır
CK-3623,temel_bilgisayar,3,görev çubuğunda takvim simgesini bul üstüne tıkla sonra ay görünümüne geç,11,1.0,True,BUL ; TIKLA ; GEÇ,BUL:takvim simgesini bul ; TIKLA:üstüne tıkla ; GEÇ:ay görünümüne geç,3,BUL ; TIKLA ; GEÇ,BUL:takvim simgesini bul ; TIKLA:üstüne tıkla ; GEÇ:ay görünümüne geç
CK-3624,temel_bilgisayar,3,ekran klavyesini aç boşluk tuşuna bas enter tuşuna bas,9,1.0,True,AÇ ; BOŞLUK ; ENTER,AÇ:ekran klavyesini aç ; BOŞLUK:boşluk tuşuna bas ; ENTER:enter tuşuna bas,3,AÇ ; BOŞLUK ; ENTER,AÇ:ekran klavyesini aç ; BOŞLUK:boşluk tuşuna bas ; ENTER:enter tuşuna bas
CK-3625,temel_bilgisayar,3,indirilenler klasörüne git geçici ekran görüntüsünü sil sonra masaüstüne geç,10,1.0,True,GİT ; SİL ; GEÇ,GİT:indirilenler klasörüne git ; SİL:geçici ekran görüntüsünü sil ; GEÇ:masaüstüne geç,3,GİT ; SİL ; GEÇ,GİT:indirilenler klasörüne git ; SİL:geçici ekran görüntüsünü sil ; GEÇ:masaüstüne geç
CK-3626,temel_bilgisayar,3,pencere başlığını seç sola taşı boyutunu küçült,7,1.0,True,SEÇ ; TAŞI ; KÜÇÜLT,SEÇ:pencere başlığını seç ; TAŞI:sola taşı ; KÜÇÜLT:boyutunu küçült,3,SEÇ ; TAŞI ; KÜÇÜLT,SEÇ:pencere başlığını seç ; TAŞI:sola taşı ; KÜÇÜLT:boyutunu küçült
CK-3627,temel_bilgisayar,4,başlatta ekran alıntısı ara uygulamayı aç yeni kesit oluştur ve panoya kopyala,12,0.9166666666666666,False,ARA ; AÇ ; YENİ_OLUŞTUR ; KOPYALA,ARA:ekran alıntısı ara ; AÇ:uygulamayı aç ; YENİ_OLUŞTUR:yeni kesit oluştur ; KOPYALA:panoya kopyala,4,ARA ; AÇ ; YENİ_OLUŞTUR ; KOPYALA,ARA:başlatta ekran alıntısı ara ; AÇ:uygulamayı aç ; YENİ_OLUŞTUR:yeni kesit oluştur ; KOPYALA:panoya kopyala
CK-3628,tarayıcı_internet,1,önceki sekmeye geç içerik orada kaldı,6,1.0,True,SEKME_DEĞİŞTİR,SEKME_DEĞİŞTİR:önceki sekmeye geç,1,SEKME_DEĞİŞTİR,SEKME_DEĞİŞTİR:önceki sekmeye geç
CK-3629,tarayıcı_internet,1,bu pdf dosyasını tekrar indir,5,0.8,False,İNDİR,İNDİR:pdf dosyasını tekrar indir,1,İNDİR,İNDİR:bu pdf dosyasını tekrar indir
CK-3630,tarayıcı_internet,2,arama kutusunda hata mesajını ara sonra sonuçları yenile,8,1.0,True,ARA ; YİNELE,ARA:hata mesajını ara ; YİNELE:sonuçları yenile,2,ARA ; YİNELE,ARA:hata mesajını ara ; YİNELE:sonuçları yenile
CK-3631,tarayıcı_internet,2,reklam sekmesini kapatma sağdaki sekmeye geç sayfayı aşağı kaydır,9,1.0,True,SEKME_DEĞİŞTİR ; KAYDIR,SEKME_DEĞİŞTİR:sağdaki sekmeye geç ; KAYDIR:sayfayı aşağı kaydır,2,SEKME_DEĞİŞTİR ; KAYDIR,SEKME_DEĞİŞTİR:sağdaki sekmeye geç ; KAYDIR:sayfayı aşağı kaydır
CK-3632,tarayıcı_internet,2,indirilen rapor sayfasını bul sonra bağlantıyı indir,7,0.8571428571428571,False,BUL ; İNDİR,BUL:rapor sayfasını bul ; İNDİR:bağlantıyı indir,2,BUL ; İNDİR,BUL:indirilen rapor sayfasını bul ; İNDİR:bağlantıyı indir
CK-3633,tarayıcı_internet,3,adres satırını seç eski adresi sil yeni adresi yaz,9,1.0,True,SEÇ ; SİL ; YAZ,SEÇ:adres satırını seç ; SİL:eski adresi sil ; YAZ:yeni adresi yaz,3,SEÇ ; SİL ; YAZ,SEÇ:adres satırını seç ; SİL:eski adresi sil ; YAZ:yeni adresi yaz
CK-3634,tarayıcı_internet,3,bu sekmeyi kapat sol sekmeye geç aramayı yinele,8,1.0,True,KAPAT ; SEKME_DEĞİŞTİR ; YİNELE,KAPAT:bu sekmeyi kapat ; SEKME_DEĞİŞTİR:sol sekmeye geç ; YİNELE:aramayı yinele,3,KAPAT ; SEKME_DEĞİŞTİR ; YİNELE,KAPAT:bu sekmeyi kapat ; SEKME_DEĞİŞTİR:sol sekmeye geç ; YİNELE:aramayı yinele
CK-3635,tarayıcı_internet,3,sayfanın altına kaydır formdaki dosyayı seç sonra yükle,8,0.75,False,KAYDIR ; SEÇ ; YÜKLE,KAYDIR:altına kaydır ; SEÇ:dosyayı seç ; YÜKLE:yükle,3,KAYDIR ; SEÇ ; YÜKLE,KAYDIR:sayfanın altına kaydır ; SEÇ:formdaki dosyayı seç ; YÜKLE:yükle
CK-3636,tarayıcı_internet,4,gizli pencereyi aç üniversite duyuruları ara ilk sonucu aç pdfi indir,11,1.0,True,AÇ ; ARA ; AÇ ; İNDİR,AÇ:gizli pencereyi aç ; ARA:üniversite duyuruları ara ; AÇ:ilk sonucu aç ; İNDİR:pdfi indir,4,AÇ ; ARA ; AÇ ; İNDİR,AÇ:gizli pencereyi aç ; ARA:üniversite duyuruları ara ; AÇ:ilk sonucu aç ; İNDİR:pdfi indir
CK-3637,tarayıcı_internet,5,eski sekmeyi kapat yeni sekmeye geç başvuru sonucu ara sayfayı yenile raporu indir,13,1.0,True,KAPAT ; SEKME_DEĞİŞTİR ; ARA ; YİNELE ; İNDİR,KAPAT:eski sekmeyi kapat ; SEKME_DEĞİŞTİR:yeni sekmeye geç ; ARA:başvuru sonucu ara ; YİNELE:sayfayı yenile ; İNDİR:raporu indir,5,KAPAT ; SEKME_DEĞİŞTİR ; ARA ; YİNELE ; İNDİR,KAPAT:eski sekmeyi kapat ; SEKME_DEĞİŞTİR:yeni sekmeye geç ; ARA:başvuru sonucu ara ; YİNELE:sayfayı yenile ; İNDİR:raporu indir
CK-3638,ofis_metin_düzenleme,1,belgedeki boş satırı sil,4,0.75,False,SİL,SİL:boş satırı sil,1,SİL,SİL:belgedeki boş satırı sil
CK-3639,ofis_metin_düzenleme,1,seçili paragrafı biraz küçült,4,0.75,False,KÜÇÜLT,KÜÇÜLT:paragrafı biraz küçült,1,KÜÇÜLT,KÜÇÜLT:seçili paragrafı biraz küçült
CK-3640,ofis_metin_düzenleme,1,çıktı için bu sayfayı yazdır,5,1.0,True,YAZDIR,YAZDIR:bu sayfayı yazdır,1,YAZDIR,YAZDIR:bu sayfayı yazdır
CK-3641,ofis_metin_düzenleme,1,imleçten sonra bir boşluk ekle,5,0.6,False,BOŞLUK,BOŞLUK:bir boşluk ekle,1,BOŞLUK,BOŞLUK:imleçten sonra bir boşluk ekle
CK-3642,ofis_metin_düzenleme,2,yanlış kelimeyi bul onu sil,5,1.0,True,BUL ; SİL,BUL:yanlış kelimeyi bul ; SİL:onu sil,2,BUL ; SİL,BUL:yanlış kelimeyi bul ; SİL:onu sil
CK-3643,ofis_metin_düzenleme,2,son cümleyi kes sonuç bölümüne yapıştır,6,1.0,True,KES ; YAPIŞTIR,KES:son cümleyi kes ; YAPIŞTIR:sonuç bölümüne yapıştır,2,KES ; YAPIŞTIR,KES:son cümleyi kes ; YAPIŞTIR:sonuç bölümüne yapıştır
CK-3644,ofis_metin_düzenleme,2,yazdırma ayarını aç kopya sayısını azalt,6,1.0,True,AÇ ; AZALT,AÇ:yazdırma ayarını aç ; AZALT:kopya sayısını azalt,2,AÇ ; AZALT,AÇ:yazdırma ayarını aç ; AZALT:kopya sayısını azalt
CK-3645,ofis_metin_düzenleme,2,başlığı seç puntoyu küçült,4,1.0,True,SEÇ ; KÜÇÜLT,SEÇ:başlığı seç ; KÜÇÜLT:puntoyu küçült,2,SEÇ ; KÜÇÜLT,SEÇ:başlığı seç ; KÜÇÜLT:puntoyu küçült
CK-3646,ofis_metin_düzenleme,2,tablodaki toplam formülünü yinele sonra belgeyi kaydet,7,0.8571428571428571,False,YİNELE ; KAYDET,YİNELE:toplam formülünü yinele ; KAYDET:belgeyi kaydet,2,YİNELE ; KAYDET,YİNELE:tablodaki toplam formülünü yinele ; KAYDET:belgeyi kaydet
CK-3647,ofis_metin_düzenleme,3,raporda şekil başlığını ara satırı seç italik yap,8,0.75,False,ARA ; SEÇ ; DEĞİŞTİR,ARA:şekil başlığını ara ; SEÇ:satırı seç ; DEĞİŞTİR:italik yap,3,ARA ; SEÇ ; YENİDEN_ADLANDIR,ARA:şekil başlığını ara ; SEÇ:satırı seç ; YENİDEN_ADLANDIR:italik yap
CK-3648,ofis_metin_düzenleme,3,ilk maddeyi kes ikinci listenin altına yapıştır sonra kaydet,9,0.7777777777777778,False,KES ; YAPIŞTIR ; KAYDET,KES:ilk maddeyi kes ; YAPIŞTIR:altına yapıştır ; KAYDET:kaydet,3,KES ; YAPIŞTIR ; KAYDET,KES:ilk maddeyi kes ; YAPIŞTIR:ikinci listenin altına yapıştır ; KAYDET:kaydet
CK-3649,ofis_metin_düzenleme,3,gereksiz virgülü sil bir boşluk ekle paragrafı yazdır,8,1.0,True,SİL ; BOŞLUK ; YAZDIR,SİL:gereksiz virgülü sil ; BOŞLUK:bir boşluk ekle ; YAZDIR:paragrafı yazdır,3,SİL ; BOŞLUK ; YAZDIR,SİL:gereksiz virgülü sil ; BOŞLUK:bir boşluk ekle ; YAZDIR:paragrafı yazdır
CK-3650,ofis_metin_düzenleme,4,Excelde filtre satırını bul seçili filtreyi temizle formülü yinele dosyayı kaydet,11,1.0,True,BUL ; SİL ; YİNELE ; KAYDET,BUL:filtre satırını bul ; SİL:seçili filtreyi temizle ; YİNELE:formülü yinele ; KAYDET:dosyayı kaydet,4,BUL ; SİL ; YİNELE ; KAYDET,BUL:filtre satırını bul ; SİL:seçili filtreyi temizle ; YİNELE:formülü yinele ; KAYDET:dosyayı kaydet
CK-3651,ofis_metin_düzenleme,5,sunumda açıklama kutusunu seç metni kes notlar alanına yapıştır yazı boyutunu küçült sunumu kaydet,14,1.0,True,SEÇ ; KES ; YAPIŞTIR ; KÜÇÜLT ; KAYDET,SEÇ:açıklama kutusunu seç ; KES:metni kes ; YAPIŞTIR:notlar alanına yapıştır ; KÜÇÜLT:yazı boyutunu küçült ; KAYDET:sunumu kaydet,5,SEÇ ; KES ; YAPIŞTIR ; KÜÇÜLT ; KAYDET,SEÇ:açıklama kutusunu seç ; KES:metni kes ; YAPIŞTIR:notlar alanına yapıştır ; KÜÇÜLT:yazı boyutunu küçült ; KAYDET:sunumu kaydet
CK-3652,dosya_yazılım_geliştirme,1,proje loglarında timeout hatasını ara,5,1.0,True,ARA,ARA:timeout hatasını ara,1,ARA,ARA:timeout hatasını ara
CK-3653,dosya_yazılım_geliştirme,1,build klasöründeki eski raporu sil,5,0.6,False,SİL,SİL:eski raporu sil,1,SİL,SİL:build klasöründeki eski raporu sil
CK-3654,dosya_yazılım_geliştirme,1,test sonucunu varsayılan yazıcıya yazdır,5,1.0,True,YAZDIR,YAZDIR:test sonucunu varsayılan yazıcıya yazdır,1,YAZDIR,YAZDIR:test sonucunu varsayılan yazıcıya yazdır
CK-3655,dosya_yazılım_geliştirme,1,IDE içinde önceki dosya sekmesine geç,6,1.0,True,SEKME_DEĞİŞTİR,SEKME_DEĞİŞTİR:önceki dosya sekmesine geç,1,SEKME_DEĞİŞTİR,SEKME_DEĞİŞTİR:önceki dosya sekmesine geç
CK-3656,dosya_yazılım_geliştirme,2,terminalde paket listesini güncelle sonra eksik paketi indir,8,1.0,True,YİNELE ; İNDİR,YİNELE:paket listesini güncelle ; İNDİR:eksik paketi indir,2,YİNELE ; İNDİR,YİNELE:paket listesini güncelle ; İNDİR:eksik paketi indir
CK-3657,dosya_yazılım_geliştirme,2,src altında yeni utils klasörü oluştur eski helpers klasörünü yeniden adlandır,11,0.9090909090909091,False,YENİ_OLUŞTUR ; YENİDEN_ADLANDIR,YENİ_OLUŞTUR:yeni utils klasörü oluştur ; YENİDEN_ADLANDIR:helpers klasörünü yeniden adlandır,2,YENİ_OLUŞTUR ; YENİDEN_ADLANDIR,YENİ_OLUŞTUR:yeni utils klasörü oluştur ; YENİDEN_ADLANDIR:eski helpers klasörünü yeniden adlandır
CK-3658,dosya_yazılım_geliştirme,2,log dosyasını açma sadece error satırlarını ara ve çıktıyı yazdır,10,1.0,True,ARA ; YAZDIR,ARA:error satırlarını ara ; YAZDIR:çıktıyı yazdır,2,ARA ; YAZDIR,ARA:error satırlarını ara ; YAZDIR:çıktıyı yazdır
CK-3659,dosya_yazılım_geliştirme,2,package-lock dosyasını sil ardından npm install komutunu yinele,8,1.0,True,SİL ; YİNELE,SİL:package-lock dosyasını sil ; YİNELE:npm install komutunu yinele,2,SİL ; YİNELE,SİL:package-lock dosyasını sil ; YİNELE:npm install komutunu yinele
CK-3660,dosya_yazılım_geliştirme,2,terminal sekmesine geç komut satırına bir boşluk bırak,8,0.75,False,SEKME_DEĞİŞTİR ; BOŞLUK,SEKME_DEĞİŞTİR:terminal sekmesine geç ; BOŞLUK:bir boşluk bırak,2,SEKME_DEĞİŞTİR ; BOŞLUK,SEKME_DEĞİŞTİR:terminal sekmesine geç ; BOŞLUK:komut satırına bir boşluk bırak
CK-3661,dosya_yazılım_geliştirme,2,config dosyasındaki log seviyesini azalt kayıt dosyasını kaydet,8,1.0,True,AZALT ; KAYDET,AZALT:log seviyesini azalt ; KAYDET:kayıt dosyasını kaydet,2,AZALT ; KAYDET,AZALT:log seviyesini azalt ; KAYDET:kayıt dosyasını kaydet
CK-3662,dosya_yazılım_geliştirme,2,dist klasörünü küçült demiyorum arşiv dosyasını sıkıştır sonra hedefe taşı,10,0.7,False,DİĞER ; TAŞI,DİĞER:arşiv dosyasını sıkıştır ; TAŞI:hedefe taşı,2,YAPIŞTIR ; TAŞI,YAPIŞTIR:arşiv dosyasını sıkıştır ; TAŞI:hedefe taşı
CK-3663,dosya_yazılım_geliştirme,2,main branchine geç değişiklikleri uzak depoya yükle,7,0.8571428571428571,False,GEÇ ; YÜKLE,GEÇ:main branchine geç ; YÜKLE:uzak depoya yükle,2,GEÇ ; YÜKLE,GEÇ:main branchine geç ; YÜKLE:değişiklikleri uzak depoya yükle
CK-3664,dosya_yazılım_geliştirme,2,terminal çıktısında warning kelimesini bul ilgili satırı kopyala,8,1.0,True,BUL ; KOPYALA,BUL:warning kelimesini bul ; KOPYALA:ilgili satırı kopyala,2,BUL ; KOPYALA,BUL:warning kelimesini bul ; KOPYALA:ilgili satırı kopyala
CK-3665,dosya_yazılım_geliştirme,2,requirements satırını kes dev-requirements dosyasına yapıştır,6,1.0,True,KES ; YAPIŞTIR,KES:requirements satırını kes ; YAPIŞTIR:dev-requirements dosyasına yapıştır,2,KES ; YAPIŞTIR,KES:requirements satırını kes ; YAPIŞTIR:dev-requirements dosyasına yapıştır
CK-3666,dosya_yazılım_geliştirme,2,test komutunu yinele coverage raporunu indir,6,1.0,True,YİNELE ; İNDİR,YİNELE:test komutunu yinele ; İNDİR:coverage raporunu indir,2,YİNELE ; İNDİR,YİNELE:test komutunu yinele ; İNDİR:coverage raporunu indir
CK-3667,dosya_yazılım_geliştirme,2,yanlış dosyayı silme geçici cache klasörünü sil sonra test klasörüne geç,11,1.0,True,SİL ; GEÇ,SİL:geçici cache klasörünü sil ; GEÇ:test klasörüne geç,2,SİL ; GEÇ,SİL:geçici cache klasörünü sil ; GEÇ:test klasörüne geç
CK-3668,dosya_yazılım_geliştirme,3,VS Code içinde test sekmesine geç failed ifadesini ara sonucu yazdır,11,1.0,True,SEKME_DEĞİŞTİR ; ARA ; YAZDIR,SEKME_DEĞİŞTİR:test sekmesine geç ; ARA:failed ifadesini ara ; YAZDIR:sonucu yazdır,3,SEKME_DEĞİŞTİR ; ARA ; YAZDIR,SEKME_DEĞİŞTİR:test sekmesine geç ; ARA:failed ifadesini ara ; YAZDIR:sonucu yazdır
CK-3669,dosya_yazılım_geliştirme,3,logs klasörü oluştur app.log dosyasını oraya taşı adını bug.log yap,10,0.7,False,YENİ_OLUŞTUR ; TAŞI ; YENİDEN_ADLANDIR,YENİ_OLUŞTUR:logs klasörü oluştur ; TAŞI:oraya taşı ; YENİDEN_ADLANDIR:bug.log yap,3,YENİ_OLUŞTUR ; TAŞI ; YENİDEN_ADLANDIR,YENİ_OLUŞTUR:logs klasörü oluştur ; TAŞI:app.log dosyasını oraya taşı ; YENİDEN_ADLANDIR:adını bug.log yap
CK-3670,dosya_yazılım_geliştirme,3,terminalde clear komutunu yaz enter bas sonra test komutunu yinele,10,0.9,False,YAZ ; ENTER ; YİNELE,YAZ:clear komutunu yaz ; ENTER:enter bas ; YİNELE:test komutunu yinele,3,YAZ ; ENTER ; YİNELE,YAZ:terminalde clear komutunu yaz ; ENTER:enter bas ; YİNELE:test komutunu yinele
CK-3671,dosya_yazılım_geliştirme,3,bozuk cache dosyasını bul sil ardından build komutunu yinele,9,1.0,True,BUL ; SİL ; YİNELE,BUL:bozuk cache dosyasını bul ; SİL:sil ; YİNELE:build komutunu yinele,3,BUL ; SİL ; YİNELE,BUL:bozuk cache dosyasını bul ; SİL:sil ; YİNELE:build komutunu yinele
CK-3672,dosya_yazılım_geliştirme,3,env dosyasındaki token satırını kes örnek env dosyasına yapıştır kaydet,10,1.0,True,KES ; YAPIŞTIR ; KAYDET,KES:token satırını kes ; YAPIŞTIR:örnek env dosyasına yapıştır ; KAYDET:kaydet,3,KES ; YAPIŞTIR ; KAYDET,KES:token satırını kes ; YAPIŞTIR:örnek env dosyasına yapıştır ; KAYDET:kaydet
CK-3673,dosya_yazılım_geliştirme,3,paket aramasında flask ara uygun sürümü indir requirements içine ekle,10,0.9,False,ARA ; İNDİR ; YAZ,ARA:flask ara ; İNDİR:uygun sürümü indir ; YAZ:requirements içine ekle,5,ARA ; İNDİR ; YAZ ; DİĞER ; YAZ,ARA:flask ara ; İNDİR:uygun sürümü indir ; YAZ:requirements ; DİĞER:içine ; YAZ:ekle
CK-3674,dosya_yazılım_geliştirme,3,yanlış sekmede kalma settings sekmesine geç port alanını bul değeri azalt,11,1.0,True,SEKME_DEĞİŞTİR ; BUL ; AZALT,SEKME_DEĞİŞTİR:settings sekmesine geç ; BUL:port alanını bul ; AZALT:değeri azalt,3,SEKME_DEĞİŞTİR ; BUL ; AZALT,SEKME_DEĞİŞTİR:settings sekmesine geç ; BUL:port alanını bul ; AZALT:değeri azalt
CK-3675,dosya_yazılım_geliştirme,3,migration klasörü oluştur dosyayı içine taşı adını init_migration yap,9,0.7777777777777778,False,YENİ_OLUŞTUR ; TAŞI ; YENİDEN_ADLANDIR,YENİ_OLUŞTUR:migration klasörü oluştur ; TAŞI:içine taşı ; YENİDEN_ADLANDIR:init_migration yap,3,YENİ_OLUŞTUR ; TAŞI ; YENİDEN_ADLANDIR,YENİ_OLUŞTUR:migration klasörü oluştur ; TAŞI:dosyayı içine taşı ; YENİDEN_ADLANDIR:adını init_migration yap
CK-3676,dosya_yazılım_geliştirme,3,çıktı panelinde son satırı seç kopyala hata raporuna yapıştır,9,1.0,True,SEÇ ; KOPYALA ; YAPIŞTIR,SEÇ:son satırı seç ; KOPYALA:kopyala ; YAPIŞTIR:hata raporuna yapıştır,3,SEÇ ; KOPYALA ; YAPIŞTIR,SEÇ:son satırı seç ; KOPYALA:kopyala ; YAPIŞTIR:hata raporuna yapıştır
CK-3677,dosya_yazılım_geliştirme,3,test sonucunu yazdır rapor dosyasını sıkıştır zip olarak kaydet,9,0.6666666666666666,False,YAZDIR ; DİĞER ; KAYDET,YAZDIR:test sonucunu yazdır ; DİĞER:rapor dosyasını sıkıştır ; KAYDET:zip olarak kaydet,3,YAZDIR ; YAPIŞTIR ; KAYDET,YAZDIR:test sonucunu yazdır ; YAPIŞTIR:rapor dosyasını sıkıştır ; KAYDET:zip olarak kaydet
CK-3678,dosya_yazılım_geliştirme,3,node_modules klasörünü silme sadece geçici tmp klasörünü sil build klasörünü yeniden adlandır sonra projeye dön,15,1.0,True,SİL ; YENİDEN_ADLANDIR ; GEÇ,SİL:geçici tmp klasörünü sil ; YENİDEN_ADLANDIR:build klasörünü yeniden adlandır ; GEÇ:projeye dön,3,SİL ; YENİDEN_ADLANDIR ; GEÇ,SİL:geçici tmp klasörünü sil ; YENİDEN_ADLANDIR:build klasörünü yeniden adlandır ; GEÇ:projeye dön
CK-3679,dosya_yazılım_geliştirme,4,API klasöründe yeni routes dosyası oluştur adını users.py yap import satırını ekle kaydet,13,0.9230769230769231,False,YENİ_OLUŞTUR ; YENİDEN_ADLANDIR ; YAZ ; KAYDET,YENİ_OLUŞTUR:yeni routes dosyası oluştur ; YENİDEN_ADLANDIR:users.py yap ; YAZ:import satırını ekle ; KAYDET:kaydet,4,YENİ_OLUŞTUR ; YENİDEN_ADLANDIR ; YAZ ; KAYDET,YENİ_OLUŞTUR:yeni routes dosyası oluştur ; YENİDEN_ADLANDIR:adını users.py yap ; YAZ:import satırını ekle ; KAYDET:kaydet
CK-3680,dosya_yazılım_geliştirme,4,terminalde git pull yaz enter bas çakışma dosyasını bul çıktıyı yazdır,11,0.9090909090909091,False,YAZ ; ENTER ; BUL ; YAZDIR,YAZ:git pull yaz ; ENTER:enter bas ; BUL:çakışma dosyasını bul ; YAZDIR:çıktıyı yazdır,4,YAZ ; ENTER ; BUL ; YAZDIR,YAZ:terminalde git pull yaz ; ENTER:enter bas ; BUL:çakışma dosyasını bul ; YAZDIR:çıktıyı yazdır
CK-3681,dosya_yazılım_geliştirme,1,şu cache klasörünü güvenliyse sil,5,1.0,True,SİL,SİL:cache klasörünü güvenliyse sil,1,SİL,SİL:cache klasörünü güvenliyse sil
CK-3682,dosya_yazılım_geliştirme,1,coverage raporunu varsayılan yazıcıda yazdır,5,1.0,True,YAZDIR,YAZDIR:coverage raporunu varsayılan yazıcıda yazdır,1,YAZDIR,YAZDIR:coverage raporunu varsayılan yazıcıda yazdır
CK-3683,dosya_yazılım_geliştirme,1,hata düzeldi mi diye build işlemini yinele,7,1.0,True,YİNELE,YİNELE:build işlemini yinele,1,YİNELE,YİNELE:build işlemini yinele
CK-3684,dosya_yazılım_geliştirme,2,terminalde komuttan sonra bir boşluk bırak enter bas,8,0.75,False,BOŞLUK ; ENTER,BOŞLUK:bir boşluk bırak ; ENTER:enter bas,2,BOŞLUK ; ENTER,BOŞLUK:komuttan sonra bir boşluk bırak ; ENTER:enter bas
CK-3685,dosya_yazılım_geliştirme,2,docker imajını indir sonra manifest dosyasını kaydet,7,1.0,True,İNDİR ; KAYDET,İNDİR:docker imajını indir ; KAYDET:manifest dosyasını kaydet,2,İNDİR ; KAYDET,İNDİR:docker imajını indir ; KAYDET:manifest dosyasını kaydet
CK-3686,dosya_yazılım_geliştirme,2,release klasörü oluştur derleme çıktısını oraya taşı,7,1.0,True,YENİ_OLUŞTUR ; TAŞI,YENİ_OLUŞTUR:release klasörü oluştur ; TAŞI:derleme çıktısını oraya taşı,2,YENİ_OLUŞTUR ; TAŞI,YENİ_OLUŞTUR:release klasörü oluştur ; TAŞI:derleme çıktısını oraya taşı
CK-3687,dosya_yazılım_geliştirme,2,preview sekmesine geç commit mesajını gönder,6,1.0,True,SEKME_DEĞİŞTİR ; GÖNDER,SEKME_DEĞİŞTİR:preview sekmesine geç ; GÖNDER:commit mesajını gönder,2,SEKME_DEĞİŞTİR ; GÖNDER,SEKME_DEĞİŞTİR:preview sekmesine geç ; GÖNDER:commit mesajını gönder
CK-3688,dosya_yazılım_geliştirme,2,config içinde bekleme süresini azalt ve dosyayı kaydet,8,1.0,True,AZALT ; KAYDET,AZALT:bekleme süresini azalt ; KAYDET:dosyayı kaydet,2,AZALT ; KAYDET,AZALT:bekleme süresini azalt ; KAYDET:dosyayı kaydet
CK-3689,dosya_yazılım_geliştirme,2,dosya adını backup_config yap ardından değişiklikleri yükle,7,1.0,True,YENİDEN_ADLANDIR ; YÜKLE,YENİDEN_ADLANDIR:dosya adını backup_config yap ; YÜKLE:değişiklikleri yükle,2,YENİDEN_ADLANDIR ; YÜKLE,YENİDEN_ADLANDIR:dosya adını backup_config yap ; YÜKLE:değişiklikleri yükle
CK-3690,dosya_yazılım_geliştirme,3,test raporunu kes docs içine yapıştır dosyayı kaydet,8,1.0,True,KES ; YAPIŞTIR ; KAYDET,KES:test raporunu kes ; YAPIŞTIR:docs içine yapıştır ; KAYDET:dosyayı kaydet,3,KES ; YAPIŞTIR ; KAYDET,KES:test raporunu kes ; YAPIŞTIR:docs içine yapıştır ; KAYDET:dosyayı kaydet
CK-3691,dosya_yazılım_geliştirme,3,paket aramasında axios ara uygun sürümü indir kurulum komutunu yinele,10,1.0,True,ARA ; İNDİR ; YİNELE,ARA:axios ara ; İNDİR:uygun sürümü indir ; YİNELE:kurulum komutunu yinele,3,ARA ; İNDİR ; YİNELE,ARA:axios ara ; İNDİR:uygun sürümü indir ; YİNELE:kurulum komutunu yinele
CK-3692,dosya_yazılım_geliştirme,3,terminal sekmesine geç pytest komutunu yaz enter bas,8,1.0,True,SEKME_DEĞİŞTİR ; YAZ ; ENTER,SEKME_DEĞİŞTİR:terminal sekmesine geç ; YAZ:pytest komutunu yaz ; ENTER:enter bas,3,SEKME_DEĞİŞTİR ; YAZ ; ENTER,SEKME_DEĞİŞTİR:terminal sekmesine geç ; YAZ:pytest komutunu yaz ; ENTER:enter bas
CK-3693,dosya_yazılım_geliştirme,3,boş migration dosyasını sil yeni migration oluştur adını add_index yap,10,0.9,False,SİL ; YENİ_OLUŞTUR ; YENİDEN_ADLANDIR,SİL:boş migration dosyasını sil ; YENİ_OLUŞTUR:yeni migration oluştur ; YENİDEN_ADLANDIR:add_index yap,3,SİL ; YENİ_OLUŞTUR ; YENİDEN_ADLANDIR,SİL:boş migration dosyasını sil ; YENİ_OLUŞTUR:yeni migration oluştur ; YENİDEN_ADLANDIR:adını add_index yap
CK-3694,dosya_yazılım_geliştirme,3,README sekmesine geç uzun kod bloğunu küçült belgeyi kaydet,9,1.0,True,SEKME_DEĞİŞTİR ; KÜÇÜLT ; KAYDET,SEKME_DEĞİŞTİR:README sekmesine geç ; KÜÇÜLT:uzun kod bloğunu küçült ; KAYDET:belgeyi kaydet,3,SEKME_DEĞİŞTİR ; KÜÇÜLT ; KAYDET,SEKME_DEĞİŞTİR:README sekmesine geç ; KÜÇÜLT:uzun kod bloğunu küçült ; KAYDET:belgeyi kaydet
CK-3695,dosya_yazılım_geliştirme,3,hata satırını bul satırı kopyala issue mesajına yapıştır,8,1.0,True,BUL ; KOPYALA ; YAPIŞTIR,BUL:hata satırını bul ; KOPYALA:satırı kopyala ; YAPIŞTIR:issue mesajına yapıştır,3,BUL ; KOPYALA ; YAPIŞTIR,BUL:hata satırını bul ; KOPYALA:satırı kopyala ; YAPIŞTIR:issue mesajına yapıştır
CK-3696,dosya_yazılım_geliştirme,3,coverage çıktısını yazdır rapor klasörüne taşı eski özet dosyasını sil,10,1.0,True,YAZDIR ; TAŞI ; SİL,YAZDIR:coverage çıktısını yazdır ; TAŞI:rapor klasörüne taşı ; SİL:eski özet dosyasını sil,3,YAZDIR ; TAŞI ; SİL,YAZDIR:coverage çıktısını yazdır ; TAŞI:rapor klasörüne taşı ; SİL:eski özet dosyasını sil
CK-3697,dosya_yazılım_geliştirme,4,env örneğini aç token satırını kes docs dosyasına yapıştır kaydet,10,1.0,True,AÇ ; KES ; YAPIŞTIR ; KAYDET,AÇ:env örneğini aç ; KES:token satırını kes ; YAPIŞTIR:docs dosyasına yapıştır ; KAYDET:kaydet,4,AÇ ; KES ; YAPIŞTIR ; KAYDET,AÇ:env örneğini aç ; KES:token satırını kes ; YAPIŞTIR:docs dosyasına yapıştır ; KAYDET:kaydet
CK-3698,dosya_yazılım_geliştirme,4,logs klasörü oluştur app.log dosyasını taşı adını son_hata.log yap çıktıyı yazdır,11,0.9090909090909091,False,YENİ_OLUŞTUR ; TAŞI ; YENİDEN_ADLANDIR ; YAZDIR,YENİ_OLUŞTUR:logs klasörü oluştur ; TAŞI:app.log dosyasını taşı ; YENİDEN_ADLANDIR:son_hata.log yap ; YAZDIR:çıktıyı yazdır,4,YENİ_OLUŞTUR ; TAŞI ; YENİDEN_ADLANDIR ; YAZDIR,YENİ_OLUŞTUR:logs klasörü oluştur ; TAŞI:app.log dosyasını taşı ; YENİDEN_ADLANDIR:adını son_hata.log yap ; YAZDIR:çıktıyı yazdır
CK-3699,dosya_yazılım_geliştirme,4,test sekmesine geç aramayı yinele hata satırını seç yorum satırı yap,11,0.7272727272727273,False,SEKME_DEĞİŞTİR ; YİNELE ; SEÇ ; DEĞİŞTİR,SEKME_DEĞİŞTİR:test sekmesine geç ; YİNELE:aramayı yinele ; SEÇ:hata satırını seç ; DEĞİŞTİR:yorum satırı yap,4,SEKME_DEĞİŞTİR ; YİNELE ; SEÇ ; YENİDEN_ADLANDIR,SEKME_DEĞİŞTİR:test sekmesine geç ; YİNELE:aramayı yinele ; SEÇ:hata satırını seç ; YENİDEN_ADLANDIR:yorum satırı yap
CK-3700,dosya_yazılım_geliştirme,4,docker-compose dosyasını bul servis bölümüne git timeout süresini azalt kaydet,10,1.0,True,BUL ; GİT ; AZALT ; KAYDET,BUL:docker-compose dosyasını bul ; GİT:servis bölümüne git ; AZALT:timeout süresini azalt ; KAYDET:kaydet,4,BUL ; GİT ; AZALT ; KAYDET,BUL:docker-compose dosyasını bul ; GİT:servis bölümüne git ; AZALT:timeout süresini azalt ; KAYDET:kaydet
CK-3701,dosya_yazılım_geliştirme,5,terminal sekmesine geç pip install komutunu yaz boşluk bırak paket adını yapıştır enter bas,14,1.0,True,SEKME_DEĞİŞTİR ; YAZ ; BOŞLUK ; YAPIŞTIR ; ENTER,SEKME_DEĞİŞTİR:terminal sekmesine geç ; YAZ:pip install komutunu yaz ; BOŞLUK:boşluk bırak ; YAPIŞTIR:paket adını yapıştır ; ENTER:enter bas,5,SEKME_DEĞİŞTİR ; YAZ ; BOŞLUK ; YAPIŞTIR ; ENTER,SEKME_DEĞİŞTİR:terminal sekmesine geç ; YAZ:pip install komutunu yaz ; BOŞLUK:boşluk bırak ; YAPIŞTIR:paket adını yapıştır ; ENTER:enter bas
CK-3702,dosya_yazılım_geliştirme,5,geçici build klasörünü sil release klasörü oluştur dosyayı taşı adını v1_final yap repoya gönder,14,0.9285714285714286,False,SİL ; YENİ_OLUŞTUR ; TAŞI ; YENİDEN_ADLANDIR ; GÖNDER,SİL:geçici build klasörünü sil ; YENİ_OLUŞTUR:release klasörü oluştur ; TAŞI:dosyayı taşı ; YENİDEN_ADLANDIR:v1_final yap ; GÖNDER:repoya gönder,5,SİL ; YENİ_OLUŞTUR ; TAŞI ; YENİDEN_ADLANDIR ; GÖNDER,SİL:geçici build klasörünü sil ; YENİ_OLUŞTUR:release klasörü oluştur ; TAŞI:dosyayı taşı ; YENİDEN_ADLANDIR:adını v1_final yap ; GÖNDER:repoya gönder
